1	0.1157955630
2	0.0977765017
3	0.0977765017
4	0.0977765017
5	0.0977765017
6	0.0977765017
7	0.0977765017
8	0.0977765017
9	0.0977765017
10	0.0977765017
11	0.1899177067
12	0.0977765017
13	0.0977765017
14	0.0136549744
15	0.0977765017
16	0.0977765017
17	0.0287775906
18	0.0977765017
19	0.0977765017
20	0.0977765017
21	0.0016218578
22	0.0977765017
23	0.0977765017
24	0.0977765017
25	0.0977765017
26	0.0977765017
27	0.0977765017
28	0.0977765017
29	0.0977765017
30	0.0977765017
31	0.0977765017
32	0.0977765017
33	0.0977765017
34	0.0977765017
35	0.0977765017
36	0.0977765017
37	0.0977765017
38	0.0977765017
39	0.0977765017
40	0.0977765017
41	0.0808083567
42	0.0977765017
43	0.0032298070
44	0.0562447176
45	0.0425621309
46	0.0144010807
47	0.0977765017
48	0.0977765017
49	0.0977765017
50	0.0977765017
51	0.0050844311
52	0.0977765017
53	0.0197394329
54	0.0112603855
55	0.0167910682
56	0.0977765017
57	0.0977765017
58	0.0977765017
59	0.0977765017
60	0.0977765017
61	0.0977765017
62	0.0977765017
63	0.0977765017
64	0.0224965826
65	0.0977765017
66	0.0977765017
67	0.1317127916
68	0.0592841439
69	0.0977765017
70	0.0977765017
71	0.0977765017
72	0.0977765017
73	0.0977765017
74	0.0538973287
75	0.0977765017
76	0.0977765017
77	0.1013119468
78	0.0977765017
79	0.0808083567
80	0.0977765017
81	0.0977765017
82	0.0195344855
83	0.0946029569
84	0.0977765017
85	0.0622164445
86	0.0977765017
87	0.0977765017
88	0.0977765017
89	0.0977765017
90	0.0276771126
91	0.0500872006
92	0.0977765017
93	0.0310206520
94	0.0977765017
95	0.0977765017
96	0.0977765017
97	0.0977765017
98	0.0163407783
99	0.0977765017
100	0.0632385635
101	0.0977765017
102	0.0977765017
103	0.0977765017
104	0.0977765017
105	0.0977765017
106	0.1863969666
107	0.1075664838
108	0.0977765017
109	0.0977765017
110	0.0977765017
111	0.0977765017
112	0.0977765017
113	0.0977765017
114	0.0977765017
115	0.0977765017
116	0.0977765017
117	0.0977765017
118	0.0977765017
119	0.0977765017
120	0.0977765017
121	0.0977765017
122	0.0977765017
123	0.3400969706
124	0.0977765017
125	0.0977765017
126	0.0977765017
127	0.0977765017
128	0.0977765017
129	0.0977765017
130	0.0977765017
131	0.0977765017
132	0.0977765017
133	0.0977765017
134	0.0935399968
135	0.0977765017
136	0.0977765017
137	0.0977765017
138	0.0977765017
139	0.0977765017
140	0.1682619098
141	0.0977765017
142	0.1241654471
143	0.0977765017
144	0.0977765017
145	0.0120044060
146	0.0977765017
147	0.0977765017
148	0.0977765017
149	0.0977765017
150	0.0977765017
151	0.0977765017
152	0.0688231347
153	0.0977765017
154	0.0977765017
155	0.0311933545
156	0.0977765017
157	0.0977765017
158	0.0977765017
159	0.0977765017
160	0.0977765017
161	0.0977765017
162	0.1022960671
163	0.1022960671
164	0.0338707679
165	0.0137475433
166	0.0977765017
167	0.0977765017
168	0.0451088322
169	0.0977765017
170	0.0977765017
171	0.0977765017
172	0.0977765017
173	0.0977765017
174	0.0977765017
175	0.0977765017
176	0.0977765017
177	0.0977765017
178	0.0977765017
179	0.0977765017
180	0.0977765017
181	0.0977765017
182	0.0977765017
183	0.0977765017
184	0.0977765017
185	0.0451088322
186	0.0977765017
187	0.0977765017
188	0.0977765017
189	0.0977765017
190	0.0977765017
191	0.0977765017
192	0.1022960671
193	0.0977765017
194	0.0977765017
195	0.0977765017
196	0.4901545488
197	0.0977765017
198	0.0977765017
199	0.0977765017
200	0.0977765017
201	0.0977765017
202	0.0365339301
203	0.0334399911
204	0.0977765017
205	0.2630393012
206	0.0302730780
207	0.0302730780
208	0.0053914792
209	0.0705214116
210	0.3596022754
211	0.0977765017
212	0.0977765017
213	0.0977765017
214	0.0736542896
215	0.0977765017
216	0.0977765017
217	0.0686074756
218	0.0977765017
219	0.0977765017
220	0.0977765017
221	0.0977765017
222	0.0121169398
223	0.0977765017
224	0.3056593632
225	0.0977765017
226	0.0977765017
227	0.0977765017
228	0.0977765017
229	0.0977765017
230	0.0977765017
231	0.0977765017
232	0.0195405312
233	0.0977765017
234	0.0977765017
235	0.0977765017
236	0.0773320612
237	0.0977765017
238	0.0977765017
239	0.0977765017
240	0.0977765017
241	0.0977765017
242	0.0977765017
243	0.0977765017
244	0.0977765017
245	0.0801656218
246	0.0977765017
247	0.0977765017
248	0.0977765017
249	0.3241301164
250	0.0559491912
251	0.0977765017
252	0.0977765017
253	0.0977765017
254	0.1443121375
255	0.0977765017
256	0.0977765017
257	0.0977765017
258	0.0977765017
259	0.0977765017
260	0.0977765017
261	0.0977765017
262	0.0977765017
263	0.0977765017
264	0.0184630505
265	0.0132529604
266	0.0977765017
267	0.0505765732
268	0.0977765017
269	0.0977765017
270	0.0299150118
271	0.0530176143
272	0.1266765911
273	0.0603237615
274	0.0475860849
275	0.0977765017
276	0.0323681120
277	0.0977765017
278	0.0977765017
279	0.0431502387
280	0.0977765017
281	0.0977765017
282	0.0977765017
283	0.0977765017
284	0.1101396246
285	0.0977765017
286	0.0977765017
287	0.0977765017
288	0.1924936657
289	0.0977765017
290	0.0977765017
291	0.0977765017
292	0.0977765017
293	0.0977765017
294	0.0977765017
295	0.0977765017
296	0.0041176576
297	0.0977765017
298	0.0977765017
299	0.0484640411
300	0.0977765017
301	0.0977765017
302	0.0977765017
303	0.0277842779
304	0.0977765017
305	0.0977765017
306	0.0977765017
307	0.0914448504
308	0.1921982991
309	0.1762600960
310	0.0801656218
311	0.1148594325
312	0.0977765017
313	0.0977765017
314	0.0977765017
315	0.0977765017
316	0.1834812633
317	0.0977765017
318	0.0977765017
319	0.0977765017
320	0.0143773425
321	0.1832438532
322	0.0977765017
323	0.1448528659
324	0.1253244618
325	0.0977765017
326	0.0977765017
327	0.0977765017
328	0.0977765017
329	0.0398837753
330	0.0977765017
331	0.0977765017
332	0.0531531944
333	0.0977765017
334	0.0977765017
335	0.0977765017
336	0.0977765017
337	0.0977765017
338	0.0977765017
339	0.0977765017
340	0.0977765017
341	0.0977765017
342	0.0977765017
343	0.0977765017
344	0.0977765017
345	0.0977765017
346	0.0977765017
347	0.0977765017
348	0.0977765017
349	0.0977765017
350	0.0977765017
351	0.0977765017
352	0.0977765017
353	0.0977765017
354	0.0977765017
355	0.0977765017
356	0.0977765017
357	0.0977765017
358	0.0977765017
359	0.0977765017
360	0.0387096873
361	0.0977765017
362	0.0382192626
363	0.0977765017
364	0.0852769225
365	0.0977765017
366	0.0977765017
367	0.0587748264
368	0.0977765017
369	0.0977765017
370	0.0977765017
371	0.0977765017
372	0.0977765017
373	0.0977765017
374	0.0977765017
375	0.0977765017
376	0.0125233742
377	0.0577686147
378	0.2184446207
379	0.0977765017
380	0.0977765017
381	0.1997293806
382	0.0977765017
383	0.0977765017
384	0.0977765017
385	0.0251377735
386	0.0977765017
387	0.0011513757
388	0.0977765017
389	0.0977765017
390	0.0977765017
391	0.0977765017
392	0.0977765017
393	0.0051307230
394	0.0977765017
395	0.0977765017
396	0.0365339301
397	0.0490295834
398	0.2196194780
399	0.0524805083
400	0.0371330363
401	0.0090001184
402	0.0371330363
403	0.0977765017
404	0.3153249919
405	0.1184169120
406	0.0510916816
407	0.1368547660
408	0.0363483377
409	0.0431502387
410	0.1871008443
411	0.0977765017
412	0.0053549964
413	0.0977765017
414	0.0977765017
415	0.0773320612
416	0.0977765017
417	0.0977765017
418	0.0977765017
419	0.0977765017
420	0.0977765017
421	0.1220423730
422	0.0977765017
423	0.0977765017
424	0.0977765017
425	0.0977765017
426	0.0977765017
427	0.0977765017
428	0.0977765017
429	0.1436261348
430	0.0977765017
431	0.0977765017
432	0.0977765017
433	0.0977765017
434	0.0977765017
435	0.1822391711
436	0.0509272968
437	0.1750465200
438	0.1064117616
439	0.0977765017
440	0.0455334380
441	0.0596001179
442	0.0977765017
443	0.0977765017
444	0.0977765017
445	0.0977765017
446	0.0977765017
447	0.0977765017
448	0.0977765017
449	0.0977765017
450	0.0651425422
451	0.0977765017
452	0.0977765017
453	0.0977765017
454	0.0929508309
455	0.0977765017
456	0.0124788876
457	0.0977765017
458	0.0977765017
459	0.0977765017
460	0.0977765017
461	0.0977765017
462	0.0977765017
463	0.2826140645
464	0.2779668115
465	0.0977765017
466	0.0977765017
467	0.0977765017
468	0.0977765017
469	0.0977765017
470	0.0977765017
471	0.0977765017
472	0.0234555900
473	0.0977765017
474	0.0372153888
475	0.0977765017
476	0.0977765017
477	0.0977765017
478	0.0977765017
479	0.0553995004
480	0.0977765017
481	0.0977765017
482	0.0977765017
483	0.3757539473
484	0.0977765017
485	0.0632406441
486	0.0977765017
487	0.0977765017
488	0.0150035030
489	0.0977765017
490	0.0977765017
491	0.1903140892
492	0.0455215124
493	0.0609005343
494	0.0977765017
495	0.0977765017
496	0.0519377432
497	0.0977765017
498	0.0977765017
499	0.0977765017
500	0.0977765017
501	0.1078699159
502	0.0977765017
503	0.0977765017
504	0.0977765017
505	0.0977765017
506	0.0977765017
507	0.0766228811
508	0.0977765017
509	0.0977765017
510	0.0977765017
511	0.0718237964
512	0.0977765017
513	0.0977765017
514	0.0977765017
515	0.0977765017
516	0.0977765017
517	0.0977765017
518	0.0002812259
519	0.0977765017
520	0.0977765017
521	0.1939604876
522	0.0977765017
523	0.0977765017
524	0.1220423730
525	0.0977765017
526	0.0977765017
527	0.0977765017
528	0.0319861614
529	0.0977765017
530	0.0977765017
531	0.0977765017
532	0.1118233567
533	0.0977765017
534	0.0977765017
535	0.0808083567
536	0.0977765017
537	0.0977765017
538	0.0977765017
539	0.0977765017
540	0.0977765017
541	0.0977765017
542	0.0977765017
543	0.0977765017
544	0.0977765017
545	0.0977765017
546	0.0977765017
547	0.0977765017
548	0.0977765017
549	0.0977765017
550	0.0977765017
551	0.0977765017
552	0.0977765017
553	0.0977765017
554	0.0977765017
555	0.0977765017
556	0.0071384035
557	0.0300095001
558	0.0977765017
559	0.0977765017
560	0.1531068269
561	0.1662071104
562	0.0977765017
563	0.0977765017
564	0.0977765017
565	0.0977765017
566	0.0977765017
567	0.0977765017
568	0.0977765017
569	0.0977765017
570	0.0848986611
571	0.0977765017
572	0.0977765017
573	0.0977765017
574	0.0977765017
575	0.0977765017
576	0.0497401680
577	0.0086949649
578	0.0977765017
579	0.1398555297
580	0.0977765017
581	0.0977765017
582	0.0977765017
583	0.1266765911
584	0.2883422719
585	0.0977765017
586	0.0274927152
587	0.0278998733
588	0.0977765017
589	0.0977765017
590	0.0977765017
591	0.0977765017
592	0.0977765017
593	0.0977765017
594	0.0977765017
595	0.0977765017
596	0.0977765017
597	0.0977765017
598	0.0977765017
599	0.0977765017
600	0.1772773310
601	0.0977765017
602	0.0977765017
603	0.0231796245
604	0.0977765017
605	0.0977765017
606	0.0977765017
607	0.0977765017
608	0.0977765017
609	0.0977765017
610	0.0977765017
611	0.0977765017
612	0.0105447691
613	0.1078699159
614	0.0977765017
615	0.0174479228
616	0.1115450367
617	0.0977765017
618	0.0977765017
619	0.0664247165
620	0.0977765017
621	0.1319681710
622	0.0977765017
623	0.0977765017
624	0.0977765017
625	0.0977765017
626	0.0977765017
627	0.3257774228
628	0.0977765017
629	0.0977765017
630	0.0977765017
631	0.2175096560
632	0.1266765911
633	0.0977765017
634	0.1054033068
635	0.0289213345
636	0.0173020420
637	0.0073981546
638	0.0977765017
639	0.0977765017
640	0.0977765017
641	0.0977765017
642	0.1813245522
643	0.0977765017
644	0.1879160702
645	0.0977765017
646	0.0977765017
647	0.0977765017
648	0.0977765017
649	0.0977765017
650	0.0977765017
651	0.0977765017
652	0.0193543214
653	0.2419142526
654	0.0977765017
655	0.0465412426
656	0.0348213484
657	0.0672416518
658	0.0977765017
659	0.0080162598
660	0.0977765017
661	0.0977765017
662	0.0977765017
663	0.0977765017
664	0.0977765017
665	0.0977765017
666	0.0302742020
667	0.0977765017
668	0.0977765017
669	0.3171960792
670	0.0977765017
671	0.0977765017
672	0.0977765017
673	0.0977765017
674	0.0977765017
675	0.0977765017
676	0.0977765017
677	0.0912893726
678	0.0732253089
679	0.1450104250
680	0.4784964800
681	0.0977765017
682	0.0977765017
683	0.0977765017
684	0.0977765017
685	0.0977765017
686	0.0977765017
687	0.0977765017
688	0.0977765017
689	0.0890640663
690	0.1006136147
691	0.3000620941
692	0.0977765017
693	0.0977765017
694	0.0977765017
695	0.0977765017
696	0.0977765017
697	0.0977765017
698	0.0977765017
699	0.0246656512
700	0.0977765017
701	0.0977765017
702	0.0977765017
703	0.0977765017
704	0.0977765017
705	0.0977765017
706	0.0977765017
707	0.0977765017
708	0.0977765017
709	0.0977765017
710	0.0977765017
711	0.0977765017
712	0.0977765017
713	0.0977765017
714	0.1864073704
715	0.0977765017
716	0.0766228811
717	0.0977765017
718	0.0249741032
719	0.0977765017
720	0.0650161950
721	0.0977765017
722	0.0977765017
723	0.0977765017
724	0.0977765017
725	0.0977765017
726	0.0977765017
727	0.0977765017
728	0.1176855729
729	0.1287504390
730	0.1211716521
731	0.2623564839
732	0.0977765017
733	0.0977765017
734	0.0977765017
735	0.0977765017
736	0.0977765017
737	0.0977765017
738	0.0977765017
739	0.0977765017
740	0.0977765017
741	0.0977765017
742	0.0977765017
743	0.0977765017
744	0.0977765017
745	0.0977765017
746	0.0977765017
747	0.0977765017
748	0.0977765017
749	0.0977765017
750	0.0977765017
751	0.0977765017
752	0.0977765017
753	0.0873355721
754	0.0977765017
755	0.0977765017
756	0.0977765017
757	0.0977765017
758	0.0596001179
759	0.0426906958
760	0.0977765017
761	0.2635521586
762	0.1506711820
763	0.4289268027
764	0.0977765017
765	0.0977765017
766	0.0977765017
767	0.0977765017
768	0.0977765017
769	0.0977765017
770	0.0977765017
771	0.0977765017
772	0.0977765017
773	0.0081254101
774	0.1078699159
775	0.0977765017
776	0.0715453966
777	0.0977765017
778	0.0163327526
779	0.0977765017
780	0.0977765017
781	0.0977765017
782	0.0977765017
783	0.0766228811
784	0.0977765017
785	0.1028493397
786	0.1038415266
787	0.0977765017
788	0.0977765017
789	0.0977765017
790	0.0977765017
791	0.0231796245
792	0.0977765017
793	0.0417964626
794	0.0276891738
795	0.0740206756
796	0.0067726895
797	0.0231796245
798	0.0205515380
799	0.3980804200
800	0.0346938718
801	0.0977765017
802	0.0977765017
803	0.0977765017
804	0.0977765017
805	0.0977765017
806	0.0425488806
807	0.0977765017
808	0.0977765017
809	0.0977765017
810	0.0977765017
811	0.0977765017
812	0.0977765017
813	0.0977765017
814	0.0977765017
815	0.0977765017
816	0.0977765017
817	0.0977765017
818	0.0977765017
819	0.0377850388
820	0.0977765017
821	0.0977765017
822	0.0977765017
823	0.1136729999
824	0.0977765017
825	0.0977765017
826	0.0977765017
827	0.0977765017
828	0.0977765017
829	0.0361200196
830	0.1458594148
831	0.0977765017
832	0.0977765017
833	0.0977765017
834	0.1333745487
835	0.0977765017
836	0.0632406441
837	0.0977765017
838	0.0977765017
839	0.0977765017
840	0.0977765017
841	0.0977765017
842	0.0977765017
843	0.0977765017
844	0.0977765017
845	0.0977765017
846	0.0977765017
847	0.0977765017
848	0.0977765017
849	0.2765179744
850	0.1076575499
851	0.1076575499
852	0.1324227455
853	0.1076575499
854	0.1208951474
855	0.1076575499
856	0.1076575499
857	0.1076575499
858	0.1076575499
859	0.1076575499
860	0.1486630521
861	0.1712394131
862	0.1589319609
863	0.1373329797
864	0.2359950296
865	0.1224753778
866	0.1076575499
867	0.0977765017
868	0.0231796245
869	0.0977765017
870	0.0977765017
871	0.0163327526
872	0.1234432198
873	0.0977765017
874	0.0977765017
875	0.0977765017
876	0.0977765017
877	0.0977765017
878	0.0387096873
879	0.0557727239
880	0.0977765017
881	0.0977765017
882	0.0977765017
883	0.0977765017
884	0.0977765017
885	0.0278998733
886	0.0977765017
887	0.0977765017
888	0.0977765017
889	0.0977765017
890	0.1006136147
891	0.0977765017
892	0.0426836855
893	0.0952955622
894	0.0977765017
895	0.0977765017
896	0.0977765017
897	0.0977765017
898	0.0977765017
899	0.0977765017
900	0.0977765017
901	0.0977765017
902	0.0387096873
903	0.0977765017
904	0.0977765017
905	0.0977765017
906	0.0977765017
907	0.0842131878
908	0.0977765017
909	0.0977765017
910	0.0977765017
911	0.0549334556
912	0.0977765017
913	0.0977765017
914	0.0893831101
915	0.0893831101
916	0.0977765017
917	0.1006678352
918	0.0977765017
919	0.2826140645
920	0.0425621309
921	0.0977765017
922	0.0977765017
923	0.0977765017
924	0.0977765017
925	0.0977765017
926	0.0977765017
927	0.0977765017
928	0.0977765017
929	0.1380120808
930	0.0977765017
931	0.0807326502
932	0.0334051292
933	0.0977765017
934	0.0977765017
935	0.0977765017
936	0.0977765017
937	0.0977765017
938	0.0977765017
939	0.0977765017
940	0.0560037542
941	0.0977765017
942	0.0977765017
943	0.0977765017
944	0.0794453934
945	0.0696229727
946	0.0000000000
947	0.0006417806
948	0.0977765017
949	0.1469487367
950	0.0977765017
951	0.0922640827
952	0.0977765017
953	0.0076536965
954	0.0977765017
955	0.0977765017
956	0.0977765017
957	0.0977765017
958	0.0977765017
959	0.0977765017
960	0.0977765017
961	0.0977765017
962	0.0990999836
963	0.0266661235
964	0.1413535895
965	0.0977765017
966	0.0977765017
967	0.0977765017
968	0.0977765017
969	0.0467318964
970	0.1930395528
971	0.0977765017
972	0.0411444409
973	0.0040047373
974	0.0977765017
975	0.0977765017
976	0.0977765017
977	0.0977765017
978	0.0977765017
979	0.0977765017
980	0.0977765017
981	0.0977765017
982	0.0297539426
983	0.0977765017
984	0.1755213057
985	0.0977765017
986	0.0327760517
987	0.1234608311
988	0.0579446436
989	0.3479986305
990	0.2595853938
991	0.0977765017
992	0.0977765017
993	0.0977765017
994	0.0977765017
995	0.0977765017
996	0.0449350142
997	0.0977765017
998	0.0977765017
999	0.0977765017
1000	0.0977765017
1001	0.0977765017
1002	0.0977765017
1003	0.0977765017
1004	0.0977765017
1005	0.0977765017
1006	0.0069853706
1007	0.1928968957
1008	0.0887943974
1009	0.0977765017
1010	0.0977765017
1011	0.0977765017
1012	0.1058061793
1013	0.1137071073
1014	0.0977765017
1015	0.0922640827
1016	0.0977765017
1017	0.0977765017
1018	0.0977765017
1019	0.0977765017
1020	0.0327760517
1021	0.0977765017
1022	0.0651425422
1023	0.1942080656
1024	0.1483292471
1025	0.0093927713
1026	0.1351556832
1027	0.0977765017
1028	0.1335985815
1029	0.1335985815
1030	0.0641527207
1031	0.0977765017
1032	0.0977765017
1033	0.0977765017
1034	0.0977765017
1035	0.0977765017
1036	0.0977765017
1037	0.0037388949
1038	0.0977765017
1039	0.0977765017
1040	0.1484017871
1041	0.0977765017
1042	0.0977765017
1043	0.0977765017
1044	0.0977765017
1045	0.0977765017
1046	0.2131496425
1047	0.1104612612
1048	0.0977765017
1049	0.0977765017
1050	0.1762911508
1051	0.2490206842
1052	0.0449591901
1053	0.0493845153
1054	0.0977765017
1055	0.0977765017
1056	0.0977765017
1057	0.0977765017
1058	0.0977765017
1059	0.0566349515
1060	0.0977765017
1061	0.0977765017
1062	0.0853058198
1063	0.0977765017
1064	0.0977765017
1065	0.0977765017
1066	0.0977765017
1067	0.0977765017
1068	0.0008670800
1069	0.0422440496
1070	0.0977765017
1071	0.0977765017
1072	0.0267302497
1073	0.1008191506
1074	0.0977765017
1075	0.0977765017
1076	0.0977765017
1077	0.0977765017
1078	0.0977765017
1079	0.0977765017
1080	0.0977765017
1081	0.0632406441
1082	0.0977765017
1083	0.1360977093
1084	0.1336500921
1085	0.0977765017
1086	0.1448661105
1087	0.0398837753
1088	0.0622164445
1089	0.0977765017
1090	0.0977765017
1091	0.0977765017
1092	0.1144316832
1093	0.0387096873
1094	0.0977765017
1095	0.0977765017
1096	0.0977765017
1097	0.0977765017
1098	0.1806430570
1099	0.0952955622
1100	0.0592841439
1101	0.0977765017
1102	0.2787408997
1103	0.0977765017
1104	0.0592841439
1105	0.0573406408
1106	0.0977765017
1107	0.0592841439
1108	0.0977765017
1109	0.1266765911
1110	0.0977765017
1111	0.0977765017
1112	0.0664247165
1113	0.0977765017
1114	0.0977765017
1115	0.0091743307
1116	0.0948085863
1117	0.0517479685
1118	0.0977765017
1119	0.0977765017
1120	0.0977765017
1121	0.0339972480
1122	0.0969748748
1123	0.0977765017
1124	0.0977765017
1125	0.0977765017
1126	0.0977765017
1127	0.0977765017
1128	0.0281225820
1129	0.0977765017
1130	0.1021875308
1131	0.1772773310
1132	0.3499928018
1133	0.0977765017
1134	0.1099588773
1135	0.0525969480
1136	0.0609005343
1137	0.0053500699
1138	0.0893831101
1139	0.3794178754
1140	0.3296016607
1141	0.1992473845
1142	0.0089908507
1143	0.0977765017
1144	0.0977765017
1145	0.0958598382
1146	0.0977765017
1147	0.0977765017
1148	0.1382984378
1149	0.1772773310
1150	0.0977765017
1151	0.0151444746
1152	0.0977765017
1153	0.1008191506
1154	0.0977765017
1155	0.0715206933
1156	0.0977765017
1157	0.1351619661
1158	0.0977765017
1159	0.0072154158
1160	0.0112786791
1161	0.0977765017
1162	0.0025849631
1163	0.0977765017
1164	0.0977765017
1165	0.0977765017
1166	0.0977765017
1167	0.0977765017
1168	0.0977765017
1169	0.0977765017
1170	0.0977765017
1171	0.0977765017
1172	0.1201371511
1173	0.0483589788
1174	0.0977765017
1175	0.2053184763
1176	0.0977765017
1177	0.1008393459
1178	0.0977765017
1179	0.0799126113
1180	0.0036598091
1181	0.0977765017
1182	0.0977765017
1183	0.0977765017
1184	0.0943483820
1185	0.0149507420
1186	0.0977765017
1187	0.0977765017
1188	0.1359545393
1189	0.0229450489
1190	0.1423657849
1191	0.0171269919
1192	0.0977765017
1193	0.0977765017
1194	0.0256548491
1195	0.0977765017
1196	0.0977765017
1197	0.0557727239
1198	0.2596833311
1199	0.0977765017
1200	0.0893831101
1201	0.0977765017
1202	0.0977765017
1203	0.0977765017
1204	0.0977765017
1205	0.1019378630
1206	0.0977765017
1207	0.0222658163
1208	0.0484111640
1209	0.0977765017
1210	0.0977765017
1211	0.0598771177
1212	0.0977765017
1213	0.0977765017
1214	0.1739751037
1215	0.2360996629
1216	0.0322435153
1217	0.0977765017
1218	0.0977765017
1219	0.0977765017
1220	0.0977765017
1221	0.0977765017
1222	0.1021875308
1223	0.3348804419
1224	0.0258156167
1225	0.0960036375
1226	0.0381366832
1227	0.0977765017
1228	0.0766228811
1229	0.0977765017
1230	0.0977765017
1231	0.0397991014
1232	0.0977765017
1233	0.0977765017
1234	0.2329081915
1235	0.0977765017
1236	0.0977765017
1237	0.1115831131
1238	0.0977765017
1239	0.0977765017
1240	0.0977765017
1241	0.1125037373
1242	0.0977765017
1243	0.0977765017
1244	0.0977765017
1245	0.0977765017
1246	0.0977765017
1247	0.0286194153
1248	0.0330634181
1249	0.0977765017
1250	0.0977765017
1251	0.0977765017
1252	0.0977765017
1253	0.0977765017
1254	0.0977765017
1255	0.0977765017
1256	0.0977765017
1257	0.0977765017
1258	0.0994429651
1259	0.0977765017
1260	0.0977765017
1261	0.0323462586
1262	0.0977765017
1263	0.1896293939
1264	0.0952955622
1265	0.4925876599
1266	0.0977765017
1267	0.0977765017
1268	0.0732492769
1269	0.0977765017
1270	0.1671987733
1271	0.0268531444
1272	0.0977765017
1273	0.1253244618
1274	0.0977765017
1275	0.0977765017
1276	0.0977765017
1277	0.0977765017
1278	0.1335985815
1279	0.0977765017
1280	0.0977765017
1281	0.0977765017
1282	0.0977765017
1283	0.0977765017
1284	0.0935399968
1285	0.0977765017
1286	0.0977765017
1287	0.0977765017
1288	0.0383790666
1289	0.0977765017
1290	0.0977765017
1291	0.0977765017
1292	0.1267510355
1293	0.0920361876
1294	0.0977765017
1295	0.0977765017
1296	0.0977765017
1297	0.0977765017
1298	0.0456456956
1299	0.0977765017
1300	0.0977765017
1301	0.0977765017
1302	0.0977765017
1303	0.2521431127
1304	0.0570281716
1305	0.0977765017
1306	0.1266765911
1307	0.1006136147
1308	0.0977765017
1309	0.0309087847
1310	0.0977765017
1311	0.0977765017
1312	0.0257505879
1313	0.0859234575
1314	0.0073440439
1315	0.0977765017
1316	0.0935399968
1317	0.0977765017
1318	0.0977765017
1319	0.0461453259
1320	0.0977765017
1321	0.0327760517
1322	0.0977765017
1323	0.3705101114
1324	0.1460162897
1325	0.0977765017
1326	0.1400091774
1327	0.1063427122
1328	0.1239179835
1329	0.0780490629
1330	0.0523648877
1331	0.0977765017
1332	0.0977765017
1333	0.0449591901
1334	0.1133372162
1335	0.0977765017
1336	0.0951272893
1337	0.0055730496
1338	0.0254428694
1339	0.0977765017
1340	0.0977765017
1341	0.0977765017
1342	0.0977765017
1343	0.0977765017
1344	0.0977765017
1345	0.0977765017
1346	0.0922640827
1347	0.0189410657
1348	0.0513590511
1349	0.1294101369
1350	0.0944682568
1351	0.0977765017
1352	0.1681933084
1353	0.0977765017
1354	0.1443223057
1355	0.0568928207
1356	0.0516377159
1357	0.0977765017
1358	0.3716697463
1359	0.0977765017
1360	0.0977765017
1361	0.0977765017
1362	0.0977765017
1363	0.0977765017
1364	0.0977765017
1365	0.1157601940
1366	0.2116613614
1367	0.0723825401
1368	0.0977765017
1369	0.0705635825
1370	0.0490295834
1371	0.0977765017
1372	0.0977765017
1373	0.0977765017
1374	0.0977765017
1375	0.0977765017
1376	0.0977765017
1377	0.0977765017
1378	0.0977765017
1379	0.2142388150
1380	0.4085051773
1381	0.0977765017
1382	0.0977765017
1383	0.0044966094
1384	0.0977765017
1385	0.0977765017
1386	0.1043571495
1387	0.1526085479
1388	0.1956999720
1389	0.1031355973
1390	0.0914358067
1391	0.0808083567
1392	0.1290273385
1393	0.2607536500
1394	0.1043571495
1395	0.1177770855
1396	0.3008098906
1397	0.1148073817
1398	0.0977765017
1399	0.0356964941
1400	0.0259463694
1401	0.0977765017
1402	0.0977765017
1403	0.0977765017
1404	0.0977765017
1405	0.0977765017
1406	0.0977765017
1407	0.0977765017
1408	0.0453874223
1409	0.0225458733
1410	0.0463245793
1411	0.1224183681
1412	0.0977765017
1413	0.0416813467
1414	0.0977765017
1415	0.0977765017
1416	0.0977765017
1417	0.0807103770
1418	0.0735091801
1419	0.0793188669
1420	0.0724701494
1421	0.2696743815
1422	0.0977765017
1423	0.0977765017
1424	0.0159910518
1425	0.0673780751
1426	0.0977765017
1427	0.0977765017
1428	0.0977765017
1429	0.1193347092
1430	0.0977765017
1431	0.0977765017
1432	0.0977765017
1433	0.0977765017
1434	0.0533776788
1435	0.0977765017
1436	0.0977765017
1437	0.0977765017
1438	0.0977765017
1439	0.0977765017
1440	0.1734559888
1441	0.0977765017
1442	0.0977765017
1443	0.0977765017
1444	0.0032997998
1445	0.0977765017
1446	0.0977765017
1447	0.0977765017
1448	0.0977765017
1449	0.0438186584
1450	0.0977765017
1451	0.0977765017
1452	0.0977765017
1453	0.1394968852
1454	0.0977765017
1455	0.1386217899
1456	0.0368702058
1457	0.0977765017
1458	0.0868130914
1459	0.0977765017
1460	0.1821926586
1461	0.0977765017
1462	0.1772773310
1463	0.1772773310
1464	0.2518795026
1465	0.0977765017
1466	0.0021679130
1467	0.1812493033
1468	0.2436210902
1469	0.0800357102
1470	0.0977765017
1471	0.2475222469
1472	0.0570281716
1473	0.0977765017
1474	0.0977765017
1475	0.0977765017
1476	0.0977765017
1477	0.3674718331
1478	0.0977765017
1479	0.0977765017
1480	0.0622164445
1481	0.0977765017
1482	0.0977765017
1483	0.0977765017
1484	0.1506321353
1485	0.0637293405
1486	0.1292848782
1487	0.2422751122
1488	0.0867613637
1489	0.0656049773
1490	0.0977765017
1491	0.6556291697
1492	0.0977765017
1493	0.0977765017
1494	0.0977765017
1495	0.0977765017
1496	0.4704114327
1497	0.1141326255
1498	0.1301708797
1499	0.0977765017
1500	0.0977765017
1501	0.0977765017
1502	0.0670209774
1503	0.0038486035
1504	0.2129570775
1505	0.0977765017
1506	0.0977765017
1507	0.0808083567
1508	0.0977765017
1509	0.0977765017
1510	0.0977765017
1511	0.0977765017
1512	0.0977765017
1513	0.0977765017
1514	0.0977765017
1515	0.0818100244
1516	0.0977765017
1517	0.0977765017
1518	0.0263868460
1519	0.0977765017
1520	0.0977765017
1521	0.0735091801
1522	0.0977765017
1523	0.1527443939
1524	0.1057156811
1525	0.0585613139
1526	0.0509936643
1527	0.0335192332
1528	0.0139128848
1529	0.0977765017
1530	0.0338892239
1531	0.2310496838
1532	0.0977765017
1533	0.0759691115
1534	0.0977765017
1535	0.1974674683
1536	0.0189410657
1537	0.1014991755
1538	0.0697803579
1539	0.1175356654
1540	0.1390159793
1541	0.0294514200
1542	0.1284524080
1543	0.0977765017
1544	0.0597421371
1545	0.0977765017
1546	0.0977765017
1547	0.0977765017
1548	0.1337575091
1549	0.2922029841
1550	0.0847443831
1551	0.0592833371
1552	0.1448747047
1553	0.0467421374
1554	0.0324362410
1555	0.0977765017
1556	0.0977765017
1557	0.0977765017
1558	0.0449350142
1559	0.1147446466
1560	0.0977765017
1561	0.0696428236
1562	0.0977765017
1563	0.0977765017
1564	0.0280676028
1565	0.2648804699
1566	0.0852259950
1567	0.0808083567
1568	0.0977765017
1569	0.0977765017
1570	0.0772430686
1571	0.0977765017
1572	0.1348547035
1573	0.0649088183
1574	0.0977765017
1575	0.0977765017
1576	0.0977765017
1577	0.0977765017
1578	0.0977765017
1579	0.0977765017
1580	0.0977765017
1581	0.1110199916
1582	0.0977765017
1583	0.0977765017
1584	0.0977765017
1585	0.0977765017
1586	0.0977765017
1587	0.0977765017
1588	0.0977765017
1589	0.1006136147
1590	0.0977765017
1591	0.0977765017
1592	0.0664247165
1593	0.0992345700
1594	0.0554851933
1595	0.0977765017
1596	0.0977765017
1597	0.0735091801
1598	0.0977765017
1599	0.0977765017
1600	0.1017370240
1601	0.1772773310
1602	0.1772773310
1603	0.0868130914
1604	0.0912449464
1605	0.0403054440
1606	0.0977765017
1607	0.0977765017
1608	0.0977765017
1609	0.0489631675
1610	0.0977765017
1611	0.0977765017
1612	0.0014936573
1613	0.3955361883
1614	0.3454200824
1615	0.0977765017
1616	0.0977765017
1617	0.0977765017
1618	0.0977765017
1619	0.0443425599
1620	0.0377850388
1621	0.0977765017
1622	0.0977765017
1623	0.0977765017
1624	0.0014597353
1625	0.0228829659
1626	0.3166606330
1627	0.0977765017
1628	0.0977765017
1629	0.0977765017
1630	0.1209159607
1631	0.0724701494
1632	0.0977765017
1633	0.0977765017
1634	0.0977765017
1635	0.0977765017
1636	0.0388645558
1637	0.0977765017
1638	0.0759443221
1639	0.1382984378
1640	0.0977765017
1641	0.2195079098
1642	0.0977765017
1643	0.0977765017
1644	0.0977765017
1645	0.0922640827
1646	0.1613243255
1647	0.0940913354
1648	0.1315756887
1649	0.0184704262
1650	0.0977765017
1651	0.0977765017
1652	0.0977765017
1653	0.0838261603
1654	0.0330125250
1655	0.0977765017
1656	0.0977765017
1657	0.0256256496
1658	0.1382984378
1659	0.1629480792
1660	0.0977765017
1661	0.0977765017
1662	0.1137586606
1663	0.0815655726
1664	0.0977765017
1665	0.1662033415
1666	0.0952955622
1667	0.0977765017
1668	0.0425436913
1669	0.0425436913
1670	0.0977765017
1671	0.0200522551
1672	0.0977765017
1673	0.0977765017
1674	0.0991175667
1675	0.0977765017
1676	0.1142561229
1677	0.0977765017
1678	0.0843854032
1679	0.1062426995
1680	0.0977765017
1681	0.0256548491
1682	0.1489960900
1683	0.1138994669
1684	0.1255984991
1685	0.0329715873
1686	0.0303621089
1687	0.0977765017
1688	0.0977765017
1689	0.0977765017
1690	0.0977765017
1691	0.1612324499
1692	0.0977765017
1693	0.1735436708
1694	0.0977765017
1695	0.0977765017
1696	0.0977765017
1697	0.0425255984
1698	0.0868130914
1699	0.0643367834
1700	0.0977765017
1701	0.0977765017
1702	0.0977765017
1703	0.0159684341
1704	0.0977765017
1705	0.0441183343
1706	0.1047890876
1707	0.1525451261
1708	0.0510033862
1709	0.0977765017
1710	0.0248805568
1711	0.0977765017
1712	0.1317127916
1713	0.0848141389
1714	0.0977765017
1715	0.0977765017
1716	0.1739990073
1717	0.0977765017
1718	0.0977765017
1719	0.0453874223
1720	0.0737889669
1721	0.0977765017
1722	0.0977765017
1723	0.0619931497
1724	0.0977765017
1725	0.0977765017
1726	0.0977765017
1727	0.0977765017
1728	0.3292984717
1729	0.0160292394
1730	0.0977765017
1731	0.0977765017
1732	0.0977765017
1733	0.0977765017
1734	0.0977765017
1735	0.0382424643
1736	0.0977765017
1737	0.0977765017
1738	0.0977765017
1739	0.0319417447
1740	0.1382984378
1741	0.1193466822
1742	0.0977765017
1743	0.0977765017
1744	0.0977765017
1745	0.0977765017
1746	0.0689079278
1747	0.1072201363
1748	0.1324599075
1749	0.3005104696
1750	0.0214505138
1751	0.3987643844
1752	0.0554168088
1753	0.0890439927
1754	0.1217750660
1755	0.0977765017
1756	0.0977765017
1757	0.0977765017
1758	0.0977765017
1759	0.0977765017
1760	0.0977765017
1761	0.0350629304
1762	0.0977765017
1763	0.0977765017
1764	0.0977765017
1765	0.0977765017
1766	0.0977765017
1767	0.2228225375
1768	0.0944694605
1769	0.0977765017
1770	0.0977765017
1771	0.1608327601
1772	0.0977765017
1773	0.0977765017
1774	0.0587826643
1775	0.0977765017
1776	0.0977765017
1777	0.0977765017
1778	0.0312798027
1779	0.1143516486
1780	0.0977765017
1781	1.0000000000
1782	0.0977765017
1783	0.0977765017
1784	0.0977765017
1785	0.2352565931
1786	0.1251795552
1787	0.5523891071
1788	0.1928968957
1789	0.0977765017
1790	0.0977765017
1791	0.0977765017
1792	0.0878236071
1793	0.0977765017
1794	0.1672792015
1795	0.0977765017
1796	0.0977765017
1797	0.0977765017
1798	0.0977765017
1799	0.0977765017
1800	0.0539514804
1801	0.0977765017
1802	0.0977765017
1803	0.0808083567
1804	0.0448779002
1805	0.1122487429
1806	0.1317127916
1807	0.0926488511
1808	0.0977765017
1809	0.0977765017
1810	0.0620518478
1811	0.0977765017
1812	0.0977765017
1813	0.1380120808
1814	0.0977765017
1815	0.0977765017
1816	0.0977765017
1817	0.0977765017
1818	0.0539514804
1819	0.0977765017
1820	0.0977765017
1821	0.0977765017
1822	0.0977765017
1823	0.0977765017
1824	0.1411913834
1825	0.2048993958
1826	0.1926216947
1827	0.0423007572
1828	0.1099536201
1829	0.0271893261
1830	0.0977765017
1831	0.0189407495
1832	0.0671749587
1833	0.0977765017
1834	0.2246741880
1835	0.0210472822
1836	0.1566846067
1837	0.0977765017
1838	0.0977765017
1839	0.0977765017
1840	0.0697803579
1841	0.1175356654
1842	0.0977765017
1843	0.0977765017
1844	0.0977765017
1845	0.0670617598
1846	0.1336647709
1847	0.1409033151
1848	0.0977765017
1849	0.0977765017
1850	0.0977765017
1851	0.0977765017
1852	0.0355118839
1853	0.0453380669
1854	0.2182513953
1855	0.0977765017
1856	0.1388702071
1857	0.1035298013
1858	0.1353243519
1859	0.0977765017
1860	0.4779972498
1861	0.0795866569
1862	0.0323021084
1863	0.0977765017
1864	0.0977765017
1865	0.0977765017
1866	0.0977765017
1867	0.0442190193
1868	0.0977765017
1869	0.0881020359
1870	0.0555648230
1871	0.0446587453
1872	0.0952955622
1873	0.0977765017
1874	0.0977765017
1875	0.0977765017
1876	0.0634349212
1877	0.2137965123
1878	0.1576892137
1879	0.1786215463
1880	0.0715453966
1881	0.0977765017
1882	0.0977765017
1883	0.1190745065
1884	0.0776857956
1885	0.0249099829
1886	0.0657777293
1887	0.0977765017
1888	0.0977765017
1889	0.0977765017
1890	0.0977765017
1891	0.0699404455
1892	0.2454702092
1893	0.0977765017
1894	0.1590062689
1895	0.0977765017
1896	0.0977765017
1897	0.0977765017
1898	0.0977765017
1899	0.0977765017
1900	0.1044800455
1901	0.2347006186
1902	0.0182129663
1903	0.0952955622
1904	0.0977765017
1905	0.0977765017
1906	0.0103284315
1907	0.0977765017
1908	0.0782135086
1909	0.1191288542
1910	0.0977765017
1911	0.0977765017
1912	0.0157104795
1913	0.0977765017
1914	0.0977765017
1915	0.0762758404
1916	0.0405216743
1917	0.0977765017
1918	0.0977765017
1919	0.1809036085
1920	0.1029259955
1921	0.0977765017
1922	0.0977765017
1923	0.0977765017
1924	0.1253938195
1925	0.0958034085
1926	0.0255641224
1927	0.1345587123
1928	0.0443762940
1929	0.0808083567
1930	0.0522655604
1931	0.0797585811
1932	0.1507030056
1933	0.0977765017
1934	0.0192681568
1935	0.1011810619
1936	0.1187112895
1937	0.0102550899
1938	0.0501932567
1939	0.1144434107
1940	0.0977765017
1941	0.0977765017
1942	0.0977765017
1943	0.0977765017
1944	0.1143516486
1945	0.5259022149
1946	0.1320202796
1947	0.1407107673
1948	0.1147446466
1949	0.1377153677
1950	0.0977765017
1951	0.0745126660
1952	0.0977765017
1953	0.0977765017
1954	0.0977765017
1955	0.0876214143
1956	0.0077504778
1957	0.1041899845
1958	0.0977765017
1959	0.0324920638
1960	0.1766651339
1961	0.1726860950
1962	0.0977765017
1963	0.0977765017
1964	0.0977765017
1965	0.0977765017
1966	0.0977765017
1967	0.0553290838
1968	0.0866274238
1969	0.1883787101
1970	0.0977765017
1971	0.0977765017
1972	0.1128023721
1973	0.2306506267
1974	0.0210472822
1975	0.1243367254
1976	0.1139211194
1977	0.0977765017
1978	0.1006136147
1979	0.0977765017
1980	0.0715453966
1981	0.0977765017
1982	0.1153142405
1983	0.0977765017
1984	0.0977765017
1985	0.0977765017
1986	0.0184386313
1987	0.1911745221
1988	0.0403989859
1989	0.1455422355
1990	0.0977765017
1991	0.0977765017
1992	0.1284258898
1993	0.0977765017
1994	0.0315111451
1995	0.0977765017
1996	0.0977765017
1997	0.1689901706
1998	0.0977765017
1999	0.0671749587
2000	0.0977765017
2001	0.0977765017
2002	0.0245343074
2003	0.0534182380
2004	0.1420909159
2005	0.0977765017
2006	0.0977765017
2007	0.0977765017
2008	0.0977765017
2009	0.0977765017
2010	0.0977765017
2011	0.0808083567
2012	0.1317127916
2013	0.0808083567
2014	0.0977765017
2015	0.1194145839
2016	0.0741895984
2017	0.4039527715
2018	0.1308705425
2019	0.0977765017
2020	0.0452515971
2021	0.0668759342
2022	0.0101610470
2023	0.0237917011
2024	0.0977765017
2025	0.0490612259
2026	0.0977765017
2027	0.0977765017
2028	0.1070502907
2029	0.0977765017
2030	0.0977765017
2031	0.1925848783
2032	0.1536526250
2033	0.1450839281
2034	0.1036882074
2035	0.0271893261
2036	0.0159684341
2037	0.0977765017
2038	0.0977765017
2039	0.0977765017
2040	0.1307437450
2041	0.0248720729
2042	0.1310230864
2043	0.1078699159
2044	0.0983117477
2045	0.1122628047
2046	0.1696078648
2047	0.0977765017
2048	0.0544862187
2049	0.0424340749
2050	0.0147272964
2051	0.0977765017
2052	0.1820954498
2053	0.1338356580
2054	0.0112981530
2055	0.0646528668
2056	0.0977765017
2057	0.1156853213
2058	0.0700962693
2059	0.1458004729
2060	0.3934752314
2061	0.1184095557
2062	0.0977765017
2063	0.0977765017
2064	0.0977765017
2065	0.0977765017
2066	0.0977765017
2067	0.0977765017
2068	0.0119518938
2069	0.0977765017
2070	0.0977765017
2071	0.0732492769
2072	0.0977765017
2073	0.0977765017
2074	0.0988293852
2075	0.0695023604
2076	0.0977765017
2077	0.0977765017
2078	0.0977765017
2079	0.0977765017
2080	0.1798168124
2081	0.0321513935
2082	0.1109282058
2083	0.1737309976
2084	0.0977765017
2085	0.1377980951
2086	0.0977765017
2087	0.0414567933
2088	0.0977765017
2089	0.0977765017
2090	0.0977765017
2091	0.1092124417
2092	0.0222604136
2093	0.0832271057
2094	0.1068926274
2095	0.2661695416
2096	0.0474243082
2097	0.0976497764
2098	0.0977765017
2099	0.1427721586
2100	0.0977765017
2101	0.0952955622
2102	0.0952955622
2103	0.0977765017
2104	0.0977765017
2105	0.0183671367
2106	0.0977765017
2107	0.1952708541
2108	0.0977765017
2109	0.1709391501
2110	0.1652761385
2111	0.1655351529
2112	0.0484499821
2113	0.0977765017
2114	0.0240844668
2115	0.0720175800
2116	0.0977765017
2117	0.0977765017
2118	0.0355356982
2119	0.1416537869
2120	0.0867114942
2121	0.0977765017
2122	0.1004308629
2123	0.0221653101
2124	0.0977765017
2125	0.1042257172
2126	0.2357099604
2127	0.2233777666
2128	0.0147812909
2129	0.1203665197
2130	0.0333568129
2131	0.0977765017
2132	0.0977765017
2133	0.0977765017
2134	0.0977765017
2135	0.0977765017
2136	0.0977765017
2137	0.0739026052
2138	0.2129542919
2139	0.0692205830
2140	0.0282453023
2141	0.0977765017
2142	0.1147446466
2143	0.0977765017
2144	0.0449591901
2145	0.0977765017
2146	0.0672474987
2147	0.1261931191
2148	0.0577805120
2149	0.0631587080
2150	0.2032874973
2151	0.0906686394
2152	0.1081232468
2153	0.0078424605
2154	0.0969719429
2155	0.2776672007
2156	0.0787198549
2157	0.0977765017
2158	0.0977765017
2159	0.1047891476
2160	0.0593763977
2161	0.0977765017
2162	0.0497920728
2163	0.1345587123
2164	0.0285899359
2165	0.0496407054
2166	0.0306808742
2167	0.1315123615
2168	0.2094761471
2169	0.0088806772
2170	0.0774180034
2171	0.0977765017
2172	0.0977765017
2173	0.0977765017
2174	0.0977765017
2175	0.0623514328
2176	0.0523621515
2177	0.1091040198
2178	0.1777435255
2179	0.2721444390
2180	0.0977765017
2181	0.0299099448
2182	0.0354204948
2183	0.0325415742
2184	0.0977765017
2185	0.1241654471
2186	0.0977765017
2187	0.1704535214
2188	0.0814016667
2189	0.1101070952
2190	0.0977765017
2191	0.0816647652
2192	0.0451100300
2193	0.0700239955
2194	0.0258071012
2195	0.0554906140
2196	0.0977765017
2197	0.0977765017
2198	0.0285260578
2199	0.0977765017
2200	0.0977765017
2201	0.0977765017
2202	0.0200870616
2203	0.2722434344
2204	0.1616845871
2205	0.0977765017
2206	0.0977765017
2207	0.0977765017
2208	0.0977765017
2209	0.0742552517
2210	0.0574549923
2211	0.0901805188
2212	0.0977765017
2213	0.0977765017
2214	0.0654244742
2215	0.0556095483
2216	0.0524285470
2217	0.0977765017
2218	0.3067658332
2219	0.1312290884
2220	0.1600328531
2221	0.1168526545
2222	0.1301410769
2223	0.0977765017
2224	0.0977765017
2225	0.0977765017
2226	0.0952955622
2227	0.1586588840
2228	0.0860848313
2229	0.0012849263
2230	0.0547503042
2231	0.1147446466
2232	0.0977765017
2233	0.0977765017
2234	0.0977765017
2235	0.0977765017
2236	0.0977765017
2237	0.0977765017
2238	0.0977765017
2239	0.0977765017
2240	0.0977765017
2241	0.0977765017
2242	0.0977765017
2243	0.0977765017
2244	0.0977765017
2245	0.1421066090
2246	0.0977765017
2247	0.0983227162
2248	0.0977765017
2249	0.0510752181
2250	0.0977765017
2251	0.1516896268
2252	0.1706295801
2253	0.0493135565
2254	0.0281981232
2255	0.0977765017
2256	0.0375739500
2257	0.0704156234
2258	0.0462674516
2259	0.0977765017
2260	0.0977765017
2261	0.0977765017
2262	0.0977765017
2263	0.0855034302
2264	0.0090483946
2265	0.0977765017
2266	0.0977765017
2267	0.0977765017
2268	0.0977765017
2269	0.0267834044
2270	0.0483559494
2271	0.0977765017
2272	0.0759443221
2273	0.1081467211
2274	0.0262755199
2275	0.0977765017
2276	0.1079813818
2277	0.1831906329
2278	0.0168057719
2279	0.0622164445
2280	0.0353698165
2281	0.0977765017
2282	0.0557950194
2283	0.0977765017
2284	0.0977765017
2285	0.0977765017
2286	0.0599259965
2287	0.0568954456
2288	0.0977765017
2289	0.1098855200
2290	0.0339740444
2291	0.0977765017
2292	0.0276656063
2293	0.0977765017
2294	0.0336816251
2295	0.0977765017
2296	0.0382192626
2297	0.0954388827
2298	0.0319717312
2299	0.0461899331
2300	0.0977765017
2301	0.0808083567
2302	0.0429646246
2303	0.0977765017
2304	0.0977765017
2305	0.0977765017
2306	0.0977765017
2307	0.0977765017
2308	0.0977765017
2309	0.0386599316
2310	0.0233572360
2311	0.0977765017
2312	0.0977765017
2313	0.0675120309
2314	0.0694730300
2315	0.1393231410
2316	0.0977765017
2317	0.2951985360
2318	0.0125057773
2319	0.4079455713
2320	0.0798642370
2321	0.0977765017
2322	0.0977765017
2323	0.0285899359
2324	0.0977765017
2325	0.1235304548
2326	0.1761670432
2327	0.0977765017
2328	0.0977765017
2329	0.2357141235
2330	0.0977765017
2331	0.0977765017
2332	0.0977765017
2333	0.0977765017
2334	0.0977765017
2335	0.0866274238
2336	0.0977765017
2337	0.0977765017
2338	0.0977765017
2339	0.0455334380
2340	0.0958087485
2341	0.1579189639
2342	0.1161124059
2343	0.0220284069
2344	0.0501932567
2345	0.2184489444
2346	0.0977765017
2347	0.0977765017
2348	0.0583417759
2349	0.1579327358
2350	0.0876350090
2351	0.0977765017
2352	0.0656255860
2353	0.0656255860
2354	0.0876350090
2355	0.0941921927
2356	0.3049952683
2357	0.0537438421
2358	0.2245323884
2359	0.1348118010
2360	0.0704156234
2361	0.0255188741
2362	0.0274267067
2363	0.0977765017
2364	0.0977765017
2365	0.1238162213
2366	0.0977765017
2367	0.0843854032
2368	0.0977765017
2369	0.0977765017
2370	0.0977765017
2371	0.0286713339
2372	0.0243023779
2373	0.2091172632
2374	0.1877106404
2375	0.1141682832
2376	0.1720218433
2377	0.2577623303
2378	0.1251583078
2379	0.1524096785
2380	0.2151005155
2381	0.0977765017
2382	0.0977765017
2383	0.0977765017
2384	0.0977765017
2385	0.0977765017
2386	0.0977765017
2387	0.0648065653
2388	0.1496180523
2389	0.0977765017
2390	0.0977765017
2391	0.0977765017
2392	0.0877128343
2393	0.1035298013
2394	0.1382984378
2395	0.0977765017
2396	0.0770417612
2397	0.0977765017
2398	0.0150423276
2399	0.0977765017
2400	0.0977765017
2401	0.0977765017
2402	0.0977765017
2403	0.0977765017
2404	0.0412101348
2405	0.0977765017
2406	0.0901333757
2407	0.1209632281
2408	0.0977765017
2409	0.0977765017
2410	0.0977765017
2411	0.0688391864
2412	0.0564306144
2413	0.0154303244
2414	0.0977765017
2415	0.0350955286
2416	0.0700962693
2417	0.1757998936
2418	0.0977765017
2419	0.0977765017
2420	0.0163098539
2421	0.0827722765
2422	0.0977765017
2423	0.0275699656
2424	0.0922426618
2425	0.0110181335
2426	0.0977765017
2427	0.0519113446
2428	0.0977765017
2429	0.0977765017
2430	0.0358157517
2431	0.0977765017
2432	0.0269082490
2433	0.0362258551
2434	0.1207458965
2435	0.1147364357
2436	0.1330438600
2437	0.0462674516
2438	0.1218503455
2439	0.0977765017
2440	0.0977765017
2441	0.0977765017
2442	0.0977765017
2443	0.0977765017
2444	0.0977765017
2445	0.0977765017
2446	0.0977765017
2447	0.0977765017
2448	0.0977765017
2449	0.0977765017
2450	0.0304697004
2451	0.1132415478
2452	0.1263458471
2453	0.1329835108
2454	0.0570699098
2455	0.0820892075
2456	0.0719313810
2457	0.0984342136
2458	0.0977765017
2459	0.0977765017
2460	0.0977765017
2461	0.0977765017
2462	0.0977765017
2463	0.0977765017
2464	0.0977765017
2465	0.0977765017
2466	0.1122628047
2467	0.0977765017
2468	0.0977765017
2469	0.0977765017
2470	0.1253254927
2471	0.0977765017
2472	0.0977765017
2473	0.0977765017
2474	0.0977765017
2475	0.0977765017
2476	0.0977765017
2477	0.0678625846
2478	0.1570804900
2479	0.1423944995
2480	0.1500068637
2481	0.0304507233
2482	0.1264206522
2483	0.0977765017
2484	0.0977765017
2485	0.0904388218
2486	0.0977765017
2487	0.0977765017
2488	0.0977765017
2489	0.0977765017
2490	0.0404845014
2491	0.0454691553
2492	0.0324065407
2493	0.0934602255
2494	0.0977765017
2495	0.0977765017
2496	0.0620175686
2497	0.0982426042
2498	0.0620447598
2499	0.1500970220
2500	0.0125941409
2501	0.1769501857
2502	0.0977765017
2503	0.0977765017
2504	0.0977765017
2505	0.0826691619
2506	0.0490612259
2507	0.0977765017
2508	0.0977765017
2509	0.0977765017
2510	0.0977765017
2511	0.0977765017
2512	0.0977765017
2513	0.0697913381
2514	0.0977765017
2515	0.0340557514
2516	0.0977765017
2517	0.0756923124
2518	0.0613663019
2519	0.0977765017
2520	0.0977765017
2521	0.1410617501
2522	0.0234864310
2523	0.0977765017
2524	0.1604711419
2525	0.0977765017
2526	0.0579013114
2527	0.0200870616
2528	0.0977765017
2529	0.0808083567
2530	0.0849841384
2531	0.0977765017
2532	0.0397093755
2533	0.0622164445
2534	0.2194015777
2535	0.0977765017
2536	0.0545516450
2537	0.0909055720
2538	0.0981723973
2539	0.0977765017
2540	0.0977765017
2541	0.0845262511
2542	0.0977765017
2543	0.2078747716
2544	0.0654244742
2545	0.0875301708
2546	0.2823089900
2547	0.1807064211
2548	0.0830161199
2549	0.0977765017
2550	0.0575008927
2551	0.0977765017
2552	0.1721259970
2553	0.0977765017
2554	0.0977765017
2555	0.0434734360
2556	0.1434990844
2557	0.1084345921
2558	0.1531059279
2559	0.1400204047
2560	0.0977765017
2561	0.0081997908
2562	0.0977765017
2563	0.0146912130
2564	0.0977765017
2565	0.0503950456
2566	0.0977765017
2567	0.0977765017
2568	0.0977765017
2569	0.0708350175
2570	0.0977765017
2571	0.0482078305
2572	0.0392733546
2573	0.0934290274
2574	0.0094210233
2575	0.0247586628
2576	0.0977765017
2577	0.0977765017
2578	0.0977765017
2579	0.0409188729
2580	0.0977765017
2581	0.0323515736
2582	0.1671562836
2583	0.0274328696
2584	0.0977765017
2585	0.0977765017
2586	0.0977765017
2587	0.0977765017
2588	0.0977765017
2589	0.0977765017
2590	0.0977765017
2591	0.0977765017
2592	0.0977765017
2593	0.0204079534
2594	0.1560975414
2595	0.0627733370
2596	0.1064740288
2597	0.1784340830
2598	0.1350145913
2599	0.0977765017
2600	0.0977765017
2601	0.0977765017
2602	0.0977765017
2603	0.0899933631
2604	0.0977765017
2605	0.1260317624
2606	0.0977765017
2607	0.0619937608
2608	0.0977765017
2609	0.0977765017
2610	0.0977765017
2611	0.0977765017
2612	0.0977765017
2613	0.0977765017
2614	0.0977765017
2615	0.0977765017
2616	0.0746182794
2617	0.0977765017
2618	0.1229838722
2619	0.1237532458
2620	0.0977765017
2621	0.0977765017
2622	0.0977765017
2623	0.0229874602
2624	0.0319717312
2625	0.2200841794
2626	0.1203094959
2627	0.0977765017
2628	0.0929866112
2629	0.1936149752
2630	0.0579732530
2631	0.0397093755
2632	0.2831799994
2633	0.1312690892
2634	0.0977765017
2635	0.0977765017
2636	0.0977765017
2637	0.0977765017
2638	0.0977765017
2639	0.0977765017
2640	0.0274918004
2641	0.0977765017
2642	0.0977765017
2643	0.0977765017
2644	0.0977765017
2645	0.1685153712
2646	0.0977765017
2647	0.0977765017
2648	0.0977765017
2649	0.0977765017
2650	0.1079589385
2651	0.0766731821
2652	0.1235304548
2653	0.0290721813
2654	0.0290721813
2655	0.0977765017
2656	0.0977765017
2657	0.0252162381
2658	0.0977765017
2659	0.0977765017
2660	0.0977765017
2661	0.0977765017
2662	0.0977765017
2663	0.0977765017
2664	0.0679795245
2665	0.0543235669
2666	0.0977765017
2667	0.0972495695
2668	0.1182277693
2669	0.1819881627
2670	0.0977765017
2671	0.0977765017
2672	0.0977765017
2673	0.0947665251
2674	0.0899465333
2675	0.0977765017
2676	0.0977765017
2677	0.0350629304
2678	0.0977765017
2679	0.2383577541
2680	0.0977765017
2681	0.0065367529
2682	0.0374322735
2683	0.0504244949
2684	0.1512862424
2685	0.0511245868
2686	0.0977765017
2687	0.1234230546
2688	0.0508679800
2689	0.0977765017
2690	0.0642140591
2691	0.0577966216
2692	0.0416641510
2693	0.0483559494
2694	0.0977765017
2695	0.0977765017
2696	0.0211038855
2697	0.0977765017
2698	0.2358763794
2699	0.0977765017
2700	0.0055405484
2701	0.0977765017
2702	0.0977765017
2703	0.0808083567
2704	0.2267985398
2705	0.0452454618
2706	0.0977765017
2707	0.0733525372
2708	0.1606431864
2709	0.1890734079
2710	0.1422705326
2711	0.0977765017
2712	0.0229836804
2713	0.0977765017
2714	0.0679795245
2715	0.1122224706
2716	0.0901333757
2717	0.0901333757
2718	0.1105164372
2719	0.2155315561
2720	0.0977765017
2721	0.0977765017
2722	0.0977765017
2723	0.3702088818
2724	0.0977765017
2725	0.0977765017
2726	0.1374760838
2727	0.1022960671
2728	0.0977765017
2729	0.0977765017
2730	0.0259463694
2731	0.0988140539
2732	0.2768004978
2733	0.1381913171
2734	0.0991157101
2735	0.0375785371
2736	0.1368931629
2737	0.0808083567
2738	0.2098668407
2739	0.0323515736
2740	0.1463722621
2741	0.2154914088
2742	0.0724664617
2743	0.0977765017
2744	0.0977765017
2745	0.0335955062
2746	0.0935409734
2747	0.0826867988
2748	0.0086701814
2749	0.0977765017
2750	0.0977765017
2751	0.1321184879
2752	0.0977765017
2753	0.0110820120
2754	0.0977765017
2755	0.0977765017
2756	0.0392733546
2757	0.0473523956
2758	0.0977765017
2759	0.0977765017
2760	0.0977765017
2761	0.0977765017
2762	0.0410602026
2763	0.0753366326
2764	0.0977765017
2765	0.2348297306
2766	0.0418834006
2767	0.0971731981
2768	0.0866856625
2769	0.0151444746
2770	0.1238404374
2771	0.0505670858
2772	0.1178606222
2773	0.0672562934
2774	0.0977765017
2775	0.0977765017
2776	0.0977765017
2777	0.0623206315
2778	0.0977765017
2779	0.0977765017
2780	0.0977765017
2781	0.0462674516
2782	0.0977765017
2783	0.0717344680
2784	0.0727825790
2785	0.0459578615
2786	0.1029841567
2787	0.1178606222
2788	0.0977765017
2789	0.0977765017
2790	0.0977765017
2791	0.0977765017
2792	0.0977765017
2793	0.0977765017
2794	0.0977765017
2795	0.0784878332
2796	0.0080763275
2797	0.0977765017
2798	0.0614611791
2799	0.0988140539
2800	0.0977765017
2801	0.0977765017
2802	0.0111823143
2803	0.0977765017
2804	0.0977765017
2805	0.0977765017
2806	0.0977765017
2807	0.0977765017
2808	0.0977765017
2809	0.0977765017
2810	0.0977765017
2811	0.0977765017
2812	0.0977765017
2813	0.0977765017
2814	0.0977765017
2815	0.0977765017
2816	0.1005073209
2817	0.1139101422
2818	0.0977765017
2819	0.0170660266
2820	0.0658674259
2821	0.0098718583
2822	0.0977765017
2823	0.1269298866
2824	0.0898502957
2825	0.0977765017
2826	0.0977765017
2827	0.0974521887
2828	0.2394497584
2829	0.0472267426
2830	0.0977765017
2831	0.0977765017
2832	0.0977765017
2833	0.1187710822
2834	0.0719428483
2835	0.0977765017
2836	0.0977765017
2837	0.0090099453
2838	0.1402829274
2839	0.0910641519
2840	0.2261204104
2841	0.0316956659
2842	0.3349488923
2843	0.0977765017
2844	0.1227912352
2845	0.0898957485
2846	0.0659911884
2847	0.0445761889
2848	0.0977765017
2849	0.1122059211
2850	0.0020273383
2851	0.0760754539
2852	0.1256044862
2853	0.0436915949
2854	0.0977765017
2855	0.1724340918
2856	0.1266283993
2857	0.0745842732
2858	0.0258071012
2859	0.1356205752
2860	0.0948532679
2861	0.1179257643
2862	0.0579013114
2863	0.2202952212
2864	0.0552207681
2865	0.1696931557
2866	0.1365428383
2867	0.1193804092
2868	0.1351329398
2869	0.0721975897
2870	0.1114744626
2871	0.0334825889
2872	0.0977765017
2873	0.0977765017
2874	0.1210827283
2875	0.0977765017
2876	0.0526120293
2877	0.0079117619
2878	0.0977765017
2879	0.0914358067
2880	0.0977765017
2881	0.1207458965
2882	0.0651554892
2883	0.0246402174
2884	0.1304840583
2885	0.0977765017
2886	0.1317127916
2887	0.0455909138
2888	0.1349367750
2889	0.1779539564
2890	0.0977765017
2891	0.0663918963
2892	0.0977765017
2893	0.0977765017
2894	0.0222062665
2895	0.0418734952
2896	0.1143395515
2897	0.0977765017
2898	0.0367650348
2899	0.0679408992
2900	0.0977765017
2901	0.1236011875
2902	0.1314237931
2903	0.0104501220
2904	0.0977765017
2905	0.1207700370
2906	0.0458480883
2907	0.0977765017
2908	0.0817078873
2909	0.0977765017
2910	0.0977765017
2911	0.0938291188
2912	0.0729682343
2913	0.0550577486
2914	0.0977765017
2915	0.0484776274
2916	0.0516505214
2917	0.0977765017
2918	0.0302203355
2919	0.0667258390
2920	0.0266047931
2921	0.0543184908
2922	0.0220113894
2923	0.0339740444
2924	0.0977765017
2925	0.0977765017
2926	0.0977765017
2927	0.1128147600
2928	0.2149055776
2929	0.1235304548
2930	0.0977765017
2931	0.0977765017
2932	0.0977765017
2933	0.0265698042
2934	0.1235304548
2935	0.0977765017
2936	0.0787588463
2937	0.0576130365
2938	0.0117840502
2939	0.1360339163
2940	0.0301238155
2941	0.1921039004
2942	0.0977765017
2943	0.1101731758
2944	0.0126826643
2945	0.0567447704
2946	0.0610317495
2947	0.0977765017
2948	0.0977765017
2949	0.0977765017
2950	0.0372954454
2951	0.0159246296
2952	0.1460348270
2953	0.0977765017
2954	0.0279388697
2955	0.0549851287
2956	0.0504985523
2957	0.1219178471
2958	0.0977246927
2959	0.0901333757
2960	0.0198425685
2961	0.0977765017
2962	0.1179257643
2963	0.0201341776
2964	0.0977765017
2965	0.1502331469
2966	0.0247586628
2967	0.0059686502
2968	0.0597929830
2969	0.0977765017
2970	0.0977765017
2971	0.0342623739
2972	0.1704283388
2973	0.0595716265
2974	0.0318223281
2975	0.0073882743
2976	0.0210568869
2977	0.0540705794
2978	0.0611473848
2979	0.0977765017
2980	0.0977765017
2981	0.0301882377
2982	0.0835421634
2983	0.0385897113
2984	0.0295059201
2985	0.0540705794
2986	0.0991894334
2987	0.1387326165
2988	0.0781267437
2989	0.0786101454
2990	0.0287805300
2991	0.1717331737
2992	0.0977765017
2993	0.0977765017
2994	0.0977765017
2995	0.0977765017
2996	0.1409947304
2997	0.1317127916
2998	0.0491993997
2999	0.0977765017
3000	0.0472737306
3001	0.0455043611
3002	0.0245063224
3003	0.1467888339
3004	0.1240655434
3005	0.0576130365
3006	0.1719362445
3007	0.0977765017
3008	0.0205515380
3009	0.0676287003
3010	0.0977765017
3011	0.1204118335
3012	0.0977765017
3013	0.0977765017
3014	0.0954003852
3015	0.0977765017
3016	0.0612263992
3017	0.0441703267
3018	0.0977765017
3019	0.0977765017
3020	0.0977765017
3021	0.0532415633
3022	0.0943980936
3023	0.0977765017
3024	0.0977765017
3025	0.0576130365
3026	0.0977765017
3027	0.0977765017
3028	0.0977765017
3029	0.0977765017
3030	0.1192195708
3031	0.0312690110
3032	0.0385885236
3033	0.0099221409
3034	0.0526287625
3035	0.0540705794
3036	0.0977765017
3037	0.0331704382
3038	0.0598883989
3039	0.0385035235
3040	0.0595159418
3041	0.0888402707
3042	0.0910641519
3043	0.0565907595
3044	0.0234788306
3045	0.1134136253
3046	0.0445761889
3047	0.0697178026
3048	0.0977765017
3049	0.0331513091
3050	0.0396766014
3051	0.0481939314
3052	0.0304507233
3053	0.2044031377
3054	0.1662063599
3055	0.0332946552
3056	0.0977765017
3057	0.0977765017
3058	0.0411456038
3059	0.0590794369
3060	0.0573204479
3061	0.0977765017
3062	0.0805905620
3063	0.0411456038
3064	0.0787588463
3065	0.0676287003
3066	0.0977765017
3067	0.1615484328
3068	0.1053092349
3069	0.1235304548
3070	0.0868388949
3071	0.0279381776
3072	0.1495425335
3073	0.2843210876
3074	0.0751479598
3075	0.1306459250
3076	0.1780569536
3077	0.2199637161
3078	0.0977765017
3079	0.0977765017
3080	0.1030497220
3081	0.0220113894
3082	0.0408105048
3083	0.1154309784
3084	0.0977765017
3085	0.0342675406
3086	0.0977765017
3087	0.1342464342
3088	0.0977765017
3089	0.0977765017
3090	0.0977765017
3091	0.0077287296
3092	0.0977765017
3093	0.1189437900
3094	0.0477186744
3095	0.0977765017
3096	0.0676287003
3097	0.0457356527
3098	0.0445761889
3099	0.1362503874
3100	0.0977765017
3101	0.1189611839
3102	0.0977765017
3103	0.0249565092
3104	0.0753164626
3105	0.1439911814
3106	0.1625545571
3107	0.0445761889
3108	0.0977765017
3109	0.0481939314
3110	0.0717019384
3111	0.0598883989
3112	0.2189088211
3113	0.0842808678
3114	0.0616791066
3115	0.1628452038
3116	0.0708943738
3117	0.0977765017
3118	0.0977765017
3119	0.1376310122
3120	0.0977765017
3121	0.1243612914
3122	0.0717517016
3123	0.1179257643
3124	0.0101365249
3125	0.0977765017
3126	0.0739637023
3127	0.0422952564
3128	0.1569057070
3129	0.0255137271
3130	0.0618042881
3131	0.0952955622
3132	0.0433671626
3133	0.0076456476
3134	0.0853165244
3135	0.0822278889
3136	0.0977765017
3137	0.0977765017
3138	0.0613210767
3139	0.0977765017
3140	0.0909703199
3141	0.0977765017
3142	0.1244005496
3143	0.0895711749
3144	0.1938051549
3145	0.0123304006
3146	0.0977765017
3147	0.0089883715
3148	0.0899600154
3149	0.0977765017
3150	0.0855782588
3151	0.0808083567
3152	0.0200735842
3153	0.0357730720
3154	0.1288703268
3155	0.1259883896
3156	0.0595716265
3157	0.0083898439
3158	0.0613473429
3159	0.0988140539
3160	0.0977765017
3161	0.0977765017
3162	0.0414087474
3163	0.0676287003
3164	0.0808083567
3165	0.0592120842
3166	0.1224183681
3167	0.0988140539
3168	0.0424938573
3169	0.0245063224
3170	0.0332946552
3171	0.0977765017
3172	0.0373554073
3173	0.0977765017
3174	0.0441703267
3175	0.0977765017
3176	0.0739637023
3177	0.0425801361
3178	0.1055831693
3179	0.1531490653
3180	0.0909703199
3181	0.0909703199
3182	0.1055831693
3183	0.0641530175
3184	0.6067809598
3185	0.0625026872
3186	0.0899270107
3187	0.1049715948
3188	0.2247347871
3189	0.0069853706
3190	0.0175345658
3191	0.0379561051
3192	0.0116503816
3193	0.0286672159
3194	0.0977765017
3195	0.1006136147
3196	0.0977765017
3197	0.0686074756
3198	0.0014468803
3199	0.1043571495
3200	0.1043571495
3201	0.1043571495
3202	0.1043571495
3203	0.1043571495
3204	0.1043571495
